1,-3.1878,55.9444,110,-3.187902606042998,55.94468190778624,hurt.green.filer
2,-3.187902606042998,55.94468190778624,320,-3.187672792710062,55.944489071503334,null
3,-3.187672792710062,55.944489071503334,10,-3.1873773503841583,55.944541165956636,null
4,-3.1873773503841583,55.944541165956636,0,-3.187077350384158,55.944541165956636,null
5,-3.187077350384158,55.944541165956636,10,-3.1867819080582542,55.94459326040994,artist.gets.react
6,-3.1867819080582542,55.94459326040994,10,-3.1864864657323504,55.94464535486324,rated.fired.crowds
7,-3.1864864657323504,55.94464535486324,360,-3.18618646573235,55.94464535486324,null
8,-3.18618646573235,55.94464535486324,360,-3.18588646573235,55.94464535486324,null
9,-3.18588646573235,55.94464535486324,350,-3.185591023406446,55.94459326040994,null
10,-3.185591023406446,55.94459326040994,360,-3.185291023406446,55.94459326040994,acid.chair.butter
11,-3.185291023406446,55.94459326040994,20,-3.1850091156202103,55.94469586645294,null
12,-3.1850091156202103,55.94469586645294,30,-3.1847493079990747,55.94484586645294,null
13,-3.1847493079990747,55.94484586645294,20,-3.184467400212839,55.94494847249594,sports.topic.clocks
14,-3.184467400212839,55.94494847249594,120,-3.184617400212839,55.94520828011707,null
15,-3.184617400212839,55.94520828011707,120,-3.184767400212839,55.945468087738206,null
16,-3.184767400212839,55.945468087738206,120,-3.1849174002128393,55.94572789535934,rider.aura.bulb
17,-3.1849174002128393,55.94572789535934,140,-3.185147213545775,55.945920731642246,null
18,-3.185147213545775,55.945920731642246,130,-3.185340049828681,55.94615054497518,prime.rent.silk
19,-3.185340049828681,55.94615054497518,200,-3.1856219576149165,55.94604793893218,null
20,-3.1856219576149165,55.94604793893218,200,-3.1859038654011522,55.94594533288918,null
21,-3.1859038654011522,55.94594533288918,200,-3.186185773187388,55.94584272684618,null
22,-3.186185773187388,55.94584272684618,200,-3.1864676809736237,55.94574012080318,null
23,-3.1864676809736237,55.94574012080318,200,-3.1867495887598594,55.94563751476018,hidden.handle.softly
24,-3.1867495887598594,55.94563751476018,230,-3.186942425042765,55.94540770142724,spent.spoon.bolt
25,-3.186942425042765,55.94540770142724,130,-3.187135261325671,55.94563751476018,null
26,-3.187135261325671,55.94563751476018,130,-3.1873280976085767,55.945867328093115,slips.mass.baking
27,-3.1873280976085767,55.945867328093115,200,-3.1876100053948124,55.945764722050114,null
28,-3.1876100053948124,55.945764722050114,200,-3.187891913181048,55.945662116007114,null
29,-3.187891913181048,55.945662116007114,200,-3.188173820967284,55.94555950996411,skills.less.herb
30,-3.188173820967284,55.94555950996411,190,-3.1884692632931877,55.94550741551081,null
31,-3.1884692632931877,55.94550741551081,190,-3.1887647056190915,55.94545532105751,shady.soft.phones
32,-3.1887647056190915,55.94545532105751,280,-3.1887126111657915,55.9451598787316,rooms.lamp.teach
33,-3.1887126111657915,55.9451598787316,250,-3.188815217208789,55.94487797094536,null
34,-3.188815217208789,55.94487797094536,240,-3.1889652172087892,55.94461816332423,null
35,-3.1889652172087892,55.94461816332423,250,-3.189067823251787,55.94433625553799,spoon.invest.every
36,-3.189067823251787,55.94433625553799,290,-3.1889652172087892,55.94405434775175,noted.friday.jams
37,-3.1889652172087892,55.94405434775175,0,-3.188665217208789,55.94405434775175,null
38,-3.188665217208789,55.94405434775175,0,-3.188365217208789,55.94405434775175,rush.crown.link
39,-3.188365217208789,55.94405434775175,300,-3.1882152172087888,55.94379454013062,null
40,-3.1882152172087888,55.94379454013062,310,-3.188022380925883,55.94356472679768,scare.cubs.resort
41,-3.188022380925883,55.94356472679768,0,-3.187722380925883,55.94356472679768,null
42,-3.187722380925883,55.94356472679768,10,-3.187426938599979,55.943616821250984,shut.stands.media
43,-3.187426938599979,55.943616821250984,310,-3.187234102317073,55.94338700791805,scale.chair.kinds
44,-3.187234102317073,55.94338700791805,230,-3.187426938599979,55.94315719458511,null
45,-3.187426938599979,55.94315719458511,240,-3.187576938599979,55.94289738696398,panic.squad.danger
46,-3.187576938599979,55.94289738696398,0,-3.187276938599979,55.94289738696398,null
47,-3.187276938599979,55.94289738696398,10,-3.186981496274075,55.94294948141728,null
48,-3.186981496274075,55.94294948141728,0,-3.186681496274075,55.94294948141728,null
49,-3.186681496274075,55.94294948141728,10,-3.186386053948171,55.94300157587058,null
50,-3.186386053948171,55.94300157587058,0,-3.186086053948171,55.94300157587058,null
51,-3.186086053948171,55.94300157587058,10,-3.185790611622267,55.943053670323884,toned.deflection.bland
52,-3.185790611622267,55.943053670323884,320,-3.1855607982893313,55.94286083404098,dent.shins.cycle
53,-3.1855607982893313,55.94286083404098,20,-3.1852788905030955,55.94296344008398,null
54,-3.1852788905030955,55.94296344008398,20,-3.18499698271686,55.94306604612698,null
55,-3.18499698271686,55.94306604612698,30,-3.1847371750957243,55.94321604612698,brings.remedy.latter
56,-3.1847371750957243,55.94321604612698,130,-3.18493001137863,55.94344585945991,null
57,-3.18493001137863,55.94344585945991,130,-3.185122847661536,55.94367567279285,hello.love.keys
58,-3.185122847661536,55.94367567279285,140,-3.1853526609944716,55.943868509075756,null
59,-3.1853526609944716,55.943868509075756,150,-3.185612468615607,55.944018509075754,manliness.poem.cliff
60,-3.185612468615607,55.944018509075754,250,-3.1857150746586047,55.943736601289515,null
61,-3.1857150746586047,55.943736601289515,240,-3.185865074658605,55.94347679366838,record.sofa.sock
62,-3.185865074658605,55.94347679366838,170,-3.1861605169845086,55.94352888812168,null
63,-3.1861605169845086,55.94352888812168,180,-3.186460516984509,55.94352888812168,null
64,-3.186460516984509,55.94352888812168,170,-3.1867559593104127,55.943580982574986,null
65,-3.1867559593104127,55.943580982574986,180,-3.187055959310413,55.943580982574986,null
66,-3.187055959310413,55.943580982574986,170,-3.1873514016363167,55.94363307702829,null
67,-3.1873514016363167,55.94363307702829,180,-3.187651401636317,55.94363307702829,null
68,-3.187651401636317,55.94363307702829,170,-3.1879468439622207,55.94368517148159,null
69,-3.1879468439622207,55.94368517148159,180,-3.188246843962221,55.94368517148159,null
70,-3.188246843962221,55.94368517148159,170,-3.1885422862881247,55.94373726593489,null
71,-3.1885422862881247,55.94373726593489,180,-3.188842286288125,55.94373726593489,null
72,-3.188842286288125,55.94373726593489,170,-3.1891377286140288,55.943789360388195,null
73,-3.1891377286140288,55.943789360388195,180,-3.189437728614029,55.943789360388195,burn.spot.across
74,-3.189437728614029,55.943789360388195,140,-3.1896675419469647,55.9439821966711,cliff.asleep.wedge
75,-3.1896675419469647,55.9439821966711,200,-3.1899494497332004,55.9438795906281,null
76,-3.1899494497332004,55.9438795906281,210,-3.190209257354336,55.9437295906281,sculpture.shot.melon
77,-3.190209257354336,55.9437295906281,270,-3.190209257354336,55.9434295906281,arts.dish.scarcely
78,-3.190209257354336,55.9434295906281,210,-3.1904690649754714,55.9432795906281,null
79,-3.1904690649754714,55.9432795906281,220,-3.190698878308407,55.943086754345195,relate.chill.vest
80,-3.190698878308407,55.943086754345195,180,-3.1909988783084073,55.943086754345195,else.urban.museum
81,-3.1909988783084073,55.943086754345195,120,-3.1911488783084074,55.94334656196633,meal.feed.large
82,-3.1911488783084074,55.94334656196633,20,-3.1908669705221717,55.94344916800933,null
83,-3.1908669705221717,55.94344916800933,20,-3.190585062735936,55.94355177405233,null
84,-3.190585062735936,55.94355177405233,20,-3.1903031549497003,55.94365438009533,null
85,-3.1903031549497003,55.94365438009533,20,-3.1900212471634646,55.94375698613833,null
86,-3.1900212471634646,55.94375698613833,20,-3.189739339377229,55.94385959218133,null
87,-3.189739339377229,55.94385959218133,20,-3.189457431590993,55.943962198224334,null
88,-3.189457431590993,55.943962198224334,10,-3.1891619892650893,55.944014292677636,null
89,-3.1891619892650893,55.944014292677636,20,-3.1888800814788536,55.94411689872064,null
90,-3.1888800814788536,55.94411689872064,10,-3.1885846391529498,55.94416899317394,null
91,-3.1885846391529498,55.94416899317394,20,-3.188302731366714,55.94427159921694,null
92,-3.188302731366714,55.94427159921694,10,-3.18800728904081,55.94432369367024,null
93,-3.18800728904081,55.94432369367024,20,-3.1877253812545745,55.94442629971324,null
